# Created at Wed May 29 11:40:45 GMT+09:00 2024
3227457000102 1009.994141
3227497003748 1009.998779
3227537000102 1009.996338
3227576997967 1009.990723
3227616998123 1009.995117
3227657000102 1009.993652
3227697000050 1009.997070
3227736999581 1009.999756
3227776996821 1010.002930
3227816997081 1010.000977
3227857000102 1010.015625
3227897001144 1010.013916
3227936997758 1010.009521
3227976999060 1010.009766
3228016999112 1010.007813
3228057000102 1010.010010
3228097000623 1010.015381
3228136999581 1010.012695
3228177000362 1010.016113
3228216998592 1010.015869
3228256999060 1010.012207
3228296998019 1010.011475
3228337001144 1010.011963
3228376999842 1010.008545
3228416997081 1010.001953
3228456995102 1010.001709
3228496994581 1009.991455
3228536994112 1009.997314
3228576992758 1009.991943
3228616994269 1010.002197
3228656993019 1010.004883
3228696994269 1010.005371
3228736993331 1010.007324
3228776993852 1010.008545
3228816993748 1010.008789
3228856993539 1010.007813
3228896994269 1010.016113
3228936997654 1010.020264
3228976994737 1010.021484
3229016994008 1010.015869
3229056993487 1010.008057
3229096989164 1010.010498
3229136990467 1010.010742
3229176992967 1010.009521
3229216993227 1010.005127
3229256992654 1010.003662
3229296993800 1009.989502
3229336993852 1009.983887
3229376993644 1009.982422
3229416994633 1009.983398
3229456996769 1009.990479
3229496999633 1009.993164
3229536998019 1009.988281
3229576998123 1009.991943
3229616997029 1009.992676
3229656996352 1009.979248
3229696997758 1009.972168
3229736999998 1009.965576
3229777000779 1009.965088
3229816997446 1009.968750
3229856995727 1009.961670
3229896998019 1009.969727
3229936998644 1009.982178
3229976999581 1009.981445
3230016998383 1009.988281
3230056996144 1010.006836
3230096999425 1010.003174
3230136998331 1010.002441
3230176998227 1010.003906
3230216999633 1010.013428
3230256995987 1010.024414
3230296998019 1010.020264
3230336999685 1010.011230
3230376998227 1010.004883
3230416997967 1010.008301
3230456995935 1010.001709
3230496999269 1010.011719
3230536999269 1010.013916
3230577000883 1010.022949
3230616997706 1010.042725
3230656996300 1010.048096
3230696998279 1010.065674
3230736998019 1010.073975
3230776998175 1010.079102
3230816997550 1010.087891
3230856998644 1010.081299
3230896996300 1010.064209
3230937001300 1010.052979
3230976998383 1010.048340
3231016997706 1010.038330
3231056999217 1010.021729
3231096996092 1009.997314
3231136999737 1009.970459
3231176998279 1009.949707
3231216998852 1009.944336
3231256998904 1009.966309
3231296995987 1009.976563
3231337001196 1009.995117
3231377000571 1010.011230
3231416998800 1010.026855
3231456997706 1010.034424
3231496996300 1010.029297
3231536998383 1010.012939
3231577001352 1009.997559
3231616997237 1009.985352
3231656999112 1009.984619
3231696995883 1010.001709
3231736998279 1010.018066
3231776997446 1010.025635
3231816997394 1010.039307
3231857000362 1010.070313
3231896996717 1010.084473
3231936997029 1010.098145
3231976997810 1010.102539
3232016999477 1010.093750
3232056997967 1010.080322
3232096996821 1010.058594
3232136995779 1010.033936
3232176998487 1010.014893
3232216997706 1009.983398
3232256999321 1009.954102
3232296997967 1009.936523
3232336995727 1009.922607
3232376999164 1009.934570
3232416998279 1009.944824
3232457000779 1009.970215
3232496999633 1009.984863
3232536995675 1010.008301
3232576999894 1009.992920
3232616998175 1009.985840
3232656999946 1009.964844
3232696998748 1009.960693
3232736996092 1009.961914
3232776997550 1009.970215
3232816998852 1009.975586
3232856997914 1009.985840
3232896998123 1009.992188
3232936997029 1009.997070
3232976999321 1010.003906
3233016998487 1010.003418
3233056996925 1010.010986
3233097000935 1010.019043
3233136995779 1010.030273
3233176996925 1010.036133
3233217000467 1010.035156
3233257003748 1010.042480
3233296999112 1010.037109
3233336996092 1010.039063
3233376997862 1010.027588
3233416999321 1010.022949
3233456997654 1010.020996
3233496999842 1010.022705
3233536997185 1010.033447
3233576996925 1010.032959
3233616997862 1010.037598
3233656996873 1010.038086
3233696998487 1010.045654
3233736999581 1010.041992
3233776996925 1010.031006
3233816998279 1010.028809
3233856999894 1010.029785
3233896998539 1010.030029
3233937000154 1010.025635
3233976996925 1010.026855
3234016999477 1010.019287
3234056998279 1010.025391
3234096998644 1010.025146
3234136998279 1010.026123
3234176996456 1010.030518
3234217001717 1010.032227
3234256999789 1010.039795
3234296999008 1010.050781
3234336999060 1010.056396
3234376996664 1010.051025
3234416997237 1010.052979
3234457003071 1010.050049
3234496998435 1010.056396
3234536999789 1010.059082
3234576996508 1010.064453
3234617006300 1010.064941
3234656998644 1010.064941
3234696999633 1010.054688
3234737000050 1010.049316
3234776996300 1010.050781
3234816998175 1010.046387
3234856999946 1010.047119
3234896998071 1010.046143
3234936998175 1010.050293
3234976998227 1010.046875
3235016996248 1010.043213
3235056999269 1010.050293
3235096998435 1010.054199
3235136999998 1010.056885
3235176999112 1010.057373
3235216996248 1010.061279
3235256999060 1010.059082
3235296997081 1010.060059
3235336997967 1010.058105
3235376999060 1010.059326
3235416995050 1010.055664
3235457001404 1010.056152
3235496998748 1010.051025
3235536999946 1010.047363
3235576997550 1010.046631
3235616995987 1010.041992
3235656998123 1010.048584
3235697000102 1010.049561
3235736997862 1010.056152
3235777000310 1010.052490
3235816996092 1010.049072
3235856998383 1010.051025
3235896999477 1010.052490
3235936999008 1010.065186
3235976999633 1010.066162
3236016995571 1010.066650
3236056997342 1010.057617
3236096998644 1010.064453
3236137000935 1010.065186
3236176998852 1010.065674
3236216997914 1010.057861
3236256996144 1010.060303
3236296999164 1010.065186
3236336998071 1010.056152
3236376998383 1010.051025
3236416997342 1010.052002
3236456996300 1010.047607
3236496998383 1010.052002
3236536997029 1010.049561
3236576999269 1010.053467
3236616998331 1010.052734
3236656996456 1010.048828
3236696999217 1010.044922
3236737000935 1010.044189
3236776998539 1010.045410
3236816997810 1010.048584
3236856995987 1010.051758
3236896999529 1010.050781
3236936998175 1010.048584
3236976999529 1010.052002
3237016997446 1010.053223
3237056996508 1010.067139
3237096998019 1010.068604
3237137000519 1010.068359
3237176998123 1010.076660
3237216999164 1010.077148
3237256996508 1010.075195
3237296997654 1010.076904
3237336998748 1010.074463
3237376998487 1010.076660
3237416999112 1010.079102
3237456999946 1010.073730
3237496996092 1010.071045
3237537000258 1010.062012
3237576998071 1010.058838
3237616997967 1010.059082
3237656997602 1010.058594
3237696995935 1010.058350
3237736999529 1010.052002
3237776997758 1010.056152
3237816997758 1010.053467
3237857000310 1010.058105
3237896996508 1010.063477
3237936998592 1010.055664
3237976997550 1010.053467
3238016999789 1010.049805
3238056999529 1010.051025
3238096995727 1010.040283
3238136998227 1010.043457
3238176997394 1010.053711
3238216997394 1010.055908
3238256998331 1010.055176
3238296996352 1010.053223
3238336996092 1010.053955
3238376998539 1010.057617
3238416999217 1010.063477
3238457000467 1010.068604
3238496995206 1010.066650
3238536997862 1010.062500
3238576997810 1010.062988
3238616997914 1010.064453
3238656998800 1010.062988
3238696998539 1010.059326
3238736995623 1010.061768
3238777000831 1010.061035
3238816997550 1010.062988
3238856998904 1010.057373
3238897000623 1010.049072
3238936996456 1010.042969
3238976997758 1010.053223
3239016999685 1010.046631
3239056998279 1010.053223
3239096999321 1010.056152
3239136995727 1010.050049
3239177000727 1010.048828
3239216999164 1010.054199
3239256999373 1010.052490
3239296997394 1010.050537
3239336995414 1010.050781
3239376996248 1010.050781
3239416999529 1010.052490
3239456998904 1010.054443
3239496998696 1010.044189
3239536997185 1010.045654
3239576999060 1010.043213
3239616998592 1010.049805
3239656998644 1010.052979
3239696997289 1010.049072
3239736996196 1010.049805
3239776997810 1010.049316
3239816999373 1010.049561
3239856998956 1010.053223
3239896997862 1010.044189
3239936996612 1010.043457
3239976996144 1010.038818
3240016998592 1010.042480
3240056999529 1010.049072
3240096999894 1010.049805
3240136998800 1010.046387
3240176996404 1010.052490
3240216998956 1010.050537
3240256999008 1010.043457
3240296998175 1010.039795
3240336999060 1010.035889
3240376995779 1010.039063
3240416998175 1010.039307
3240456998800 1010.046143
3240496999164 1010.045410
3240536996977 1010.037598
3240576996404 1010.030518
3240616998539 1010.033203
3240656998383 1010.034180
3240696999425 1010.038330
3240737000050 1010.032715
3240776996560 1010.036621
3240817002862 1010.040527
3240857000258 1010.032959
3240896999373 1010.030518
3240936996977 1010.029785
3240976995935 1010.023926
3241016996612 1010.034424
3241056999321 1010.037842
3241096999737 1010.040283
3241136999685 1010.044434
3241176998904 1010.038330
3241216996092 1010.036133
3241256999529 1010.036621
3241296999425 1010.036865
3241336998904 1010.034424
3241376998487 1010.032959
3241416995154 1010.040771
3241456998487 1010.044189
3241496999737 1010.041016
3241536998539 1010.037354
3241576999789 1010.042725
3241616996925 1010.041016
3241656997914 1010.041260
3241696998175 1010.045166
3241736999321 1010.041260
3241777000362 1010.042969
3241816997342 1010.043457
3241856998539 1010.049805
3241897000623 1010.047119
3241937000987 1010.047852
3241976999217 1010.050049
3242016995779 1010.054443
3242056997550 1010.048584
3242096998852 1010.047363
3242136998435 1010.048096
3242176998487 1010.053467
3242216996352 1010.043945
3242256995623 1010.036865
3242297000571 1010.039063
3242337001248 1010.038330
3242376998696 1010.037109
3242416999946 1010.028320
3242456996039 1010.015869
3242497000102 1010.011963
3242536998383 1010.013916
3242576998800 1010.012695
3242616998644 1010.008789
3242656997133 1010.015625
3242697000571 1010.020264
3242736999529 1010.028076
3242776999373 1010.029297
3242817000727 1010.039795
3242856996039 1010.038330
3242896997498 1010.043701
3242937000154 1010.051270
3242977000623 1010.043701
3243016998435 1010.040527
3243056994946 1010.045166
3243096997758 1010.046631
3243137000414 1010.051025
3243176998227 1010.045654
3243216997185 1010.040527
3243256995935 1010.043213
3243296999112 1010.038818
3243336998539 1010.038330
3243376998748 1010.039063
3243416998175 1010.038330
3243456999164 1010.036133
3243496996560 1010.032471
3243536999477 1010.018555
3243576999008 1010.018799
3243616996873 1010.017822
3243656997758 1010.012207
3243696997185 1010.012695
3243736998696 1010.014404
3243776998644 1010.013428
3243817000258 1010.016357
3243857000362 1010.012207
3243896996873 1010.011719
3243936997602 1010.018799
3243977001039 1010.029541
3244016999946 1010.029541
3244056998331 1010.029053
3244096997289 1010.031006
3244136997758 1010.028320
3244176997862 1010.034424
3244216999685 1010.037109
3244256998435 1010.042480
3244296995935 1010.047363
3244337005414 1010.047852
3244376999060 1010.044678
3244417000362 1010.046387
3244456997394 1010.038330
3244496998071 1010.038818
3244536996196 1010.042969
3244576999737 1010.041748
3244616998175 1010.037354
3244656999425 1010.027588
3244697000050 1010.022217
3244736995883 1010.030518
3244776998487 1010.024170
3244816997654 1010.026855
3244856999581 1010.021973
3244897000935 1010.023193
3244936996039 1010.022705
3244976999112 1010.020752
3245016998956 1010.025635
3245056998175 1010.026123
3245096999269 1010.030762
3245136996612 1010.031738
3245176998904 1010.034668
3245216998748 1010.030029
3245256998331 1010.023926
3245296998592 1010.021484
3245336996404 1010.025635
3245376998539 1010.022705
3245416992237 1010.021729
3245456998592 1010.026367
3245496997706 1010.024658
3245536995467 1010.026611
3245576999217 1010.035400
3245616999581 1010.032959
3245656999112 1010.032227
3245696999998 1010.029541
3245736996612 1010.014648
3245776996300 1010.011963
3245817000467 1010.006104
3245856999477 1010.009277
3245896998279 1010.013916
3245936998539 1010.006836
3245976996196 1010.006104
3246016997654 1010.012939
3246056997133 1010.012695
3246096996925 1010.017822
3246136999008 1010.025391
3246176996612 1010.029785
3246216998019 1010.032227
3246256997967 1010.032715
3246296998279 1010.033936
3246336999008 1010.032715
3246376996092 1010.030029
3246416997602 1010.028809
3246456998696 1010.028809
3246496998539 1010.030518
3246536999529 1010.039795
3246576996300 1010.039551
3246616995675 1010.035156
3246656997550 1010.041260
3246696998071 1010.032959
3246737000362 1010.038086
3246776997237 1010.033691
3246816994894 1010.023193
3246856994112 1010.024414
3246896992810 1010.013916
3246936992654 1010.007080
3246976996977 1010.011475
3247016993696 1010.013916
3247056995206 1010.017822
3247096993227 1010.022949
3247136995779 1010.021973
3247176994425 1010.023193
3247216996248 1010.021729
3247256997498 1010.032715
3247296999894 1010.031738
3247336998487 1010.038818
3247376999112 1010.033203
3247416996300 1010.032715
3247456998748 1010.037354
3247496998904 1010.041504
3247536999321 1010.036621
3247576998748 1010.032227
3247616995779 1010.032715
3247656996821 1010.037109
3247696998748 1010.038330
3247737000883 1010.042236
3247777001092 1010.045898
3247816996092 1010.042725
3247856998592 1010.037842
3247897000050 1010.038818
3247936998435 1010.034424
3247976998175 1010.030762
3248016996612 1010.021973
3248056996144 1010.016846
3248096999164 1010.014404
3248137000102 1010.016113
3248176999425 1010.011230
3248217000571 1010.008545
3248256996039 1010.010254
3248296998071 1010.016113
3248336998644 1010.017822
3248376998800 1010.011230
3248416999477 1010.021973
3248456995519 1010.026367
3248497000675 1010.027344
3248536998383 1010.031006
3248577000362 1010.037842
3248616999008 1010.053955
3248656995519 1010.045410
3248696996248 1010.044189
3248736998331 1010.041504
3248776998904 1010.032715
3248817000050 1010.033936
3248856995883 1010.037598
3248896999737 1010.039063
3248936999998 1010.040771
3248976999894 1010.042480
3249016998071 1010.048584
3249056996039 1010.039063
3249096996612 1010.030273
3249137000154 1010.023682
3249176999060 1010.021484
3249216998071 1010.013428
3249256998331 1010.015137
3249296996612 1010.009033
3249336998904 1010.007568
3249376996925 1010.011475
3249416997758 1010.008789
3249456999633 1010.013428
3249496996769 1010.020020
3249536997342 1010.026611
3249577000675 1010.031738
3249616998904 1010.040283
3249657000623 1010.047363
3249696996560 1010.043945
3249736996560 1010.041992
3249776998435 1010.045410
3249816997550 1010.036377
3249856998071 1010.038818
3249896996717 1010.046143
3249936998904 1010.042480
3249976997654 1010.041992
3250016999737 1010.037842
3250056997654 1010.041016
3250096995467 1010.041260
3250136996821 1010.041504
3250176999008 1010.039307
3250216998644 1010.033936
3250257001144 1010.029297
3250296995519 1010.026611
3250336996352 1010.023682
3250376999685 1010.011963
3250417000050 1010.016602
3250456999737 1010.017090
3250496997446 1010.018799
3250536996039 1010.015137
3250576999060 1010.023682
3250617000310 1010.025146
3250656998800 1010.032227
3250696999737 1010.030273
3250736996664 1010.029297
3250776998227 1010.029297
3250817000154 1010.033691
3250856998175 1010.034424
3250897000206 1010.028320
3250936995727 1010.032471
3250976997446 1010.028809
3251016999685 1010.020752
3251056998487 1010.023926
3251096999425 1010.032715
3251136995935 1010.030273
3251176998383 1010.036865
3251217000258 1010.031738
3251256996404 1010.035156
3251297000675 1010.036865
3251336995935 1010.024902
3251377000310 1010.010986
3251416998956 1010.013184
3251456999685 1010.008789
3251496996769 1010.010986
3251536999008 1010.007813
3251576995883 1010.015381
3251617000623 1010.018311
3251656996456 1010.014160
3251696999685 1010.017578
3251736997810 1010.029785
3251776996664 1010.024170
3251816999425 1010.025146
3251856998227 1010.031250
3251896999321 1010.033203
3251936996717 1010.037109
3251976996717 1010.031738
3252017000258 1010.032227
3252057000623 1010.020996
3252096997914 1010.023926
3252136998852 1010.029297
3252176995623 1010.033936
3252216999217 1010.030762
3252257000258 1010.029541
3252296998019 1010.031250
3252336999269 1010.031006
3252376995883 1010.036133
3252416997550 1010.021484
3252456998227 1010.010986
3252496997706 1010.013916
3252536997758 1010.011719
3252576995883 1010.014404
3252616996039 1010.012695
3252656999998 1010.012695
3252696998592 1010.012695
3252736997237 1010.021240
3252776998331 1010.019287
3252816996873 1010.016602
3252856998227 1010.028809
3252896999164 1010.026367
3252936998956 1010.027344
3252976999269 1010.032959
3253016995623 1010.026123
3253056998644 1010.026367
3253097002394 1010.027832
3253136999060 1010.032959
3253176998383 1010.031982
3253216997029 1010.036621
3253256998019 1010.028564
3253296998748 1010.029053
3253336999946 1010.030029
3253376998123 1010.026367
3253416995623 1010.023438
3253456999373 1010.024658
3253497000310 1010.023438
3253536999373 1010.017090
3253577001769 1010.011719
3253616996196 1010.011475
3253656998175 1010.011475
3253696999217 1010.013672
3253736998852 1010.009277
3253776998592 1010.012451
3253816998904 1010.010498
3253856996300 1010.004639
3253896999946 1010.012695
3253936999217 1010.016602
3253977000258 1010.015381
3254016999685 1010.017090
3254056996196 1010.026123
3254096997550 1010.021973
3254136998696 1010.026123
3254176999269 1010.020508
3254216999008 1010.024658
3254256996196 1010.031494
3254297001717 1010.034668
3254336997810 1010.030273
3254376999008 1010.031494
3254416998748 1010.026123
3254456997133 1010.020020
3254496998696 1010.022217
3254536999581 1010.024658
3254576998904 1010.016357
3254616998019 1010.010498
3254656995779 1010.008301
3254696997810 1010.011230
3254737000727 1010.011963
3254776996612 1010.003906
3254816999425 1010.007324
3254856996248 1010.011230
3254896995779 1010.003906
3254936998331 1010.007324
3254976999373 1010.008301
3255016998592 1010.012207
3255056997237 1010.015137
3255096995779 1010.023438
3255136997706 1010.022461
3255176997914 1010.025635
3255217001508 1010.025146
3255256997289 1010.025879
3255296996456 1010.017334
3255336998800 1010.014893
3255376999269 1010.012451
3255417000623 1010.015137
3255456999008 1010.019287
3255496995623 1010.020020
3255536998071 1010.024414
3255577001560 1010.025146
3255616999164 1010.022461
3255656998644 1010.023926
3255696996352 1010.019531
3255736996248 1010.017334
3255777000675 1010.016357
3255816998592 1010.018066
3255856998019 1010.013184
3255896995206 1010.013184
3255936998279 1010.005859
3255976998644 1010.007080
3256017000154 1010.013672
3256057000310 1010.015625
3256096997914 1010.019775
3256136995519 1010.024170
3256176997967 1010.018799
3256216997289 1010.025635
3256256997342 1010.025635
3256296997602 1010.025879
3256336996039 1010.020264
3256377000050 1010.020264
3256416997706 1010.013916
3256456999477 1010.020508
3256496998383 1010.020752
3256536996248 1010.022461
3256577000935 1010.017822
3256617000987 1010.012207
3256656999112 1010.017090
3256696996977 1010.020508
3256736997602 1010.011963
3256776997133 1010.008789
3256817001456 1010.007080
3256856999737 1010.004150
3256896998227 1009.997803
3256936995571 1010.002686
3256977004842 1010.008789
3257017000935 1010.008545
3257056997342 1010.014893
3257096997446 1010.016602
3257136996508 1010.026367
3257176996039 1010.034180
3257217000362 1010.033936
3257256998904 1010.034180
3257296999946 1010.037109
3257336998175 1010.040283
3257376996196 1010.042480
3257416998331 1010.034424
3257457000362 1010.036377
3257496998748 1010.037842
3257536997237 1010.047119
3257576996196 1010.039551
3257616999685 1010.034912
3257656998019 1010.043457
3257696999321 1010.036377
3257736998956 1010.035400
3257776996456 1010.031738
3257816997967 1010.028076
3257857001352 1010.026367
3257896999321 1010.018799
3257936998123 1010.029053
3257976996664 1010.027100
3258016997758 1010.021729
3258056998279 1010.014648
3258096998123 1010.021240
3258136997185 1010.028076
3258176996248 1010.033203
3258216998592 1010.027344
3258256998539 1010.023438
3258296998019 1010.029785
3258336997342 1010.032471
3258376998071 1010.031982
3258416996508 1010.022705
3258456999373 1010.024902
3258496999737 1010.025879
3258536998956 1010.023926
3258577000414 1010.024414
3258616996873 1010.023438
3258656998592 1010.023193
3258697000362 1010.021484
3258736997498 1010.024414
3258776997498 1010.030029
3258816995675 1010.030762
3258856998539 1010.022461
3258896999425 1010.025391
3258936997967 1010.019775
3258976999685 1010.024170
3259016996404 1010.026855
3259056998331 1010.026123
3259096982289 1010.013184
3259136997602 1010.009033
3259176998748 1010.011963
3259216996508 1010.013428
3259257007342 1010.011963
3259296999946 1010.012207
3259336998019 1010.017822
3259376998331 1010.034668
3259416996925 1010.025635
3259456996873 1010.024414
3259497000258 1010.027344
3259536997185 1010.020996
3259576998852 1010.021729
3259616999321 1010.020508
3259656995883 1010.021484
3259696999842 1010.021240
3259737000623 1010.020508
3259777000831 1010.022705
3259816999164 1010.018066
3259856997185 1010.026855
3259896999373 1010.030029
3259937002654 1010.032471
3259976997862 1010.038086
3260017000519 1010.026855
3260056996092 1010.024902
3260096997967 1010.023193
3260136998748 1010.016113
3260176999008 1010.022949
3260217001144 1010.026611
3260256996300 1010.020996
3260296998748 1010.011963
3260336998644 1010.013184
3260376997237 1010.018311
3260416997550 1010.014160
3260456997654 1010.010010
3260496997706 1010.012939
3260536997967 1010.020508
3260576998956 1010.026611
3260616998696 1010.031982
3260656999008 1010.039063
3260696996560 1010.039063
3260736999217 1010.036865
3260777000206 1010.035400
3260816999060 1010.034912
3260857001092 1010.038574
3260896996039 1010.032227
3260937000935 1010.034912
3260977000050 1010.033691
3261016998019 1010.036133
3261056997289 1010.038574
3261096995623 1010.042236
3261136999477 1010.035645
3261176999164 1010.026123
3261217000571 1010.021240
3261256998331 1010.009521
3261296996508 1010.000488
3261336996456 1010.001953
3261376998904 1010.011963
3261416998852 1010.010254
3261456999581 1010.017822
3261496996404 1010.014893
3261536998696 1010.011963
3261576999269 1010.013428
3261616999269 1010.016113
3261656997654 1010.026367
3261696995883 1010.026611
3261736999008 1010.029297
3261776999633 1010.023926
3261816998748 1010.028320
3261856998227 1010.030273
3261896999217 1010.027832
3261936996039 1010.025879
3261976999217 1010.035645
3262016997602 1010.026611
3262056997810 1010.026367
3262096998539 1010.022949
3262136995467 1010.025146
3262176999946 1010.035889
3262216998435 1010.034180
3262256997602 1010.025391
3262296999946 1010.011230
3262336995883 1010.011963
3262376998539 1010.003174
3262416999425 1009.999023
3262456999164 1009.996582
3262496998487 1010.009033
3262536995571 1010.009277
3262576998383 1010.012939
3262617000102 1010.006592
3262656999269 1010.011963
3262696998592 1010.014893
3262736996456 1010.020996
3262776997498 1010.019287
3262816999321 1010.025635
3262856998696 1010.032959
3262896999737 1010.038818
3262936995571 1010.037842
3262976996039 1010.028809
3263017000675 1010.029053
3263056998539 1010.023682
3263096999217 1010.024902
3263137000414 1010.018066
3263176995779 1010.019287
3263216998487 1010.016113
3263256999477 1010.016846
3263296998956 1010.014893
3263336997498 1010.018066
3263376996144 1010.011963
3263416998019 1010.015869
3263456999217 1010.015137
3263496998175 1010.010742
3263536998696 1010.005371
3263576996404 1010.002930
3263616997914 1010.006104
3263656999529 1010.000488
3263696999842 1010.005859
3263736996560 1010.006836
3263776996300 1010.016357
3263816996977 1010.022949
3263856998644 1010.029297
3263896998487 1010.028809
3263936997185 1010.029297
3263976995519 1010.027344
3264016996717 1010.027832
3264056998904 1010.025879
3264096998592 1010.026611
3264136999789 1010.031250
3264176998904 1010.026855
3264216995987 1010.018066
3264256998644 1010.016846
3264296999529 1010.018555
3264336999894 1010.012207
3264376999842 1010.011963
3264416995467 1010.009033
3264456998904 1010.004883
3264497000623 1010.007080
3264536999946 1010.006592
3264576998383 1010.000977
3264616995987 1009.997803
3264656999946 1009.996094
3264697000831 1009.995361
3264736998696 1010.001709
3264776998644 1010.008057
3264816997081 1010.013672
3264856998071 1010.024658
3264896999842 1010.022217
3264936998487 1010.026611
3264976998592 1010.033691
3265016995310 1010.040039
3265056999842 1010.034180
3265097000883 1010.021729
3265137000519 1010.019531
3265176998748 1010.027100
3265216997081 1010.031006
3265256996092 1010.022949
3265296999789 1010.021973
3265336998175 1010.027588
3265376999060 1010.028564
3265416999633 1010.031738
3265456995935 1010.016113
3265497000519 1010.013184
3265536997967 1010.012695
3265576999789 1010.000000
3265616998487 1010.003662
3265656995987 1010.000732
3265696997914 1010.010742
3265736997758 1010.010986
3265776999217 1010.020508
3265816997914 1010.027344
3265856996300 1010.032715
3265896998696 1010.026855
3265936998019 1010.029541
3265976999425 1010.038818
3266017000623 1010.045410
3266056995519 1010.041504
3266096999164 1010.032959
3266136999477 1010.034668
3266176998071 1010.029541
3266216999581 1010.023926
3266256996300 1010.029297
3266296999842 1010.023682
3266337000362 1010.026855
3266377000779 1010.030273
3266416999425 1010.033447
3266457000154 1010.029785
3266496995883 1010.026367
3266536998279 1010.021484
3266576998435 1010.019775
3266616998227 1010.026611
3266657000050 1010.019775
3266696996300 1010.014893
3266736998383 1010.011230
3266777002133 1010.004883
3266816998383 1010.005127
3266856999529 1010.010498
3266896996977 1010.012451
3266937002706 1010.011963
3266976997914 1010.020996
3267016999529 1010.021973
3267057001404 1010.032471
3267096996873 1010.036377
3267136997706 1010.030273
3267177002394 1010.038330
3267216999269 1010.038086
3267256999633 1010.041748
3267296996404 1010.039795
3267337007185 1010.041992
3267376998592 1010.040527
3267416999842 1010.043213
3267457000154 1010.035400
3267496995467 1010.030518
3267536996717 1010.024902
3267576997342 1010.012207
3267616997602 1010.014893
3267657000571 1010.011230
3267696998800 1010.009766
3267736996456 1010.000000
3267776998644 1010.005127
3267816998644 1009.996826
3267856999112 1010.000244
3267896998539 1010.006104
3267936995727 1010.009033
3267976999112 1010.015381
3268017001144 1010.020508
3268056998279 1010.028076
3268096998956 1010.030518
3268136996196 1010.022461
3268176999685 1010.024902
3268216999685 1010.020508
3268256997758 1010.027100
3268296999685 1010.021484
3268336996717 1010.020020
3268376997914 1010.008789
3268417003331 1010.009521
3268456999164 1010.012939
3268496998800 1010.015625
3268536995623 1010.024170
3268576998800 1010.023682
3268616998019 1010.027588
3268657000623 1010.020752
3268697000467 1010.018311
3268736999217 1010.012207
3268776996300 1010.009033
3268816998331 1010.013916
3268857000310 1010.018066
3268896996821 1010.007080
3268936998800 1010.010254
3268976995779 1010.004639
3269017000883 1010.009766
3269057000258 1010.012451
3269096997602 1010.006592
3269136998019 1010.011963
3269176995258 1010.012939
3269216998956 1010.016602
3269256998383 1010.018311
3269296998800 1010.015625
3269337000206 1010.014160
3269376996612 1010.020508
3269416996769 1010.021973
3269457002862 1010.020996
3269496998592 1010.019775
3269536999112 1010.024414
3269576996092 1010.019287
3269617008019 1010.026611
3269656999373 1010.028564
3269696998487 1010.028809
3269736999842 1010.022461
3269776996560 1010.010010
3269816995206 1010.014893
3269856999894 1010.012207
3269896999529 1010.018799
3269937000258 1010.019531
3269976999060 1010.019531
3270016996717 1010.017578
3270057000779 1010.016846
3270096997498 1010.028564
3270136999217 1010.022949
3270176999477 1010.018799
3270216995935 1010.022461
3270256998227 1010.027832
3270296998019 1010.033447
3270336997237 1010.034668
3270376998227 1010.031006
3270416997289 1010.028320
3270456998227 1010.026611
3270496999060 1010.024658
3270536999112 1010.015137
3270576998279 1010.012939
3270616995675 1010.016357
3270656997967 1010.017334
3270697000102 1010.019043
3270737000310 1010.018799
3270776998487 1010.016357
3270816997914 1010.004150
3270856996821 1010.005371
3270897000050 1010.006592
3270936999373 1010.009277
3270977001612 1010.010986
3271017000414 1010.014648
3271056997237 1010.006836
3271096999894 1010.006592
3271136997654 1010.007080
3271176998331 1010.013672
3271217000206 1010.017090
3271256995727 1010.017578
3271296999946 1010.027344
3271336999217 1010.033447
3271376999998 1010.021240
3271416999321 1010.021484
3271456997654 1010.024170
3271496998435 1010.022949
3271536999269 1010.016357
3271576998800 1010.014893
3271616999789 1010.014648
3271656996300 1010.017090
3271696998592 1010.013916
3271736984269 1010.020752
3271777000206 1010.018311
3271816999633 1010.014648
3271856996248 1010.011963
3271896996717 1010.006348
3271936998227 1009.999756
3271977000623 1010.001709
3272016999112 1009.998291
3272056996456 1009.989502
3272096997342 1009.995850
3272136999737 1009.991699
3272176999164 1009.996094
3272216999477 1010.006836
3272256998019 1010.010498
3272296996039 1010.007080
3272336999581 1010.015137
3272376999998 1010.014404
3272416998123 1010.016846
3272456998383 1010.020508
3272496996092 1010.020508
3272536998539 1010.022461
3272576998487 1010.017334
3272616997394 1010.020020
3272656999112 1010.016846
3272696996300 1010.025391
3272736997706 1010.022705
3272776998696 1010.019287
3272816997237 1010.021484
3272856998175 1010.018311
3272896996300 1010.015381
3272936998487 1010.002197
3272976997654 1010.007813
3273017003592 1009.993896
3273056999217 1009.996338
3273096995102 1009.995605
3273136997446 1009.996582
3273176997342 1010.001221
3273216999477 1010.008057
3273256998019 1010.011719
3273296998123 1010.017090
3273336996456 1010.025146
3273376998019 1010.023926
3273417000310 1010.022705
3273456999008 1010.025391
3273496997133 1010.019775
3273536996300 1010.020752
3273576997967 1010.011963
3273616998071 1010.011475
3273656999737 1010.012939
3273696998331 1010.019287
3273736996821 1010.016357
3273776998331 1010.021729
3273816999685 1010.019043
3273856998487 1010.021729
3273896998539 1010.026855
3273936996977 1010.026123
3273976999112 1010.009521
3274017000050 1010.010254
3274056998852 1010.010742
3274096998904 1010.005371
3274136996925 1010.007568
3274176996352 1010.007568
3274217000519 1010.005371
3274256997133 1010.003418
3274296998019 1010.003174
3274336996092 1010.011230
3274376995779 1010.008301
3274417000571 1010.011719
3274456999842 1010.009521
3274496998331 1010.018066
3274536999477 1010.019531
3274576996248 1010.019775
3274616999373 1010.014648
3274656999529 1010.021484
3274697000571 1010.015381
3274736997446 1010.006104
3274776996560 1010.003174
3274816999269 1010.000977
3274856999425 1010.002441
3274897000571 1010.004639
3274936998435 1010.003418
3274976995935 1010.003418
3275016999217 1010.001709
3275056998071 1009.991699
3275096998383 1009.996338
3275136998539 1009.995117
3275176996144 1010.000977
3275216997967 1010.009766
3275257000675 1010.008301
3275297000206 1010.009766
3275336999060 1010.006592
3275376997602 1010.014893
3275416997706 1010.012207
3275456999998 1010.014160
3275496998071 1010.020020
3275536998487 1010.017578
3275576997394 1010.026611
3275616996456 1010.029297
3275656998435 1010.029053
3275697000519 1010.025879
3275736997967 1010.019287
3275776999321 1010.024414
3275816996508 1010.022949
3275856998800 1010.011475
3275896999581 1010.018555
3275936998123 1010.024902
3275977000154 1010.024414
3276016997498 1010.022705
3276056998019 1010.017090
3276096999269 1010.009277
3276136999112 1010.006104
3276177000050 1010.006836
3276216997081 1010.002930
3276256998592 1010.006592
3276297000102 1010.013672
3276336998800 1010.018555
3276376998644 1010.027588
3276416996560 1010.030273
3276456999321 1010.034424
3276497000050 1010.033203
3276536999060 1010.030518
3276576999269 1010.034424
3276616996560 1010.030029
3276656996612 1010.025146
3276696998800 1010.038818
3276736999477 1010.030273
3276777000467 1010.032471
3276816999581 1010.031006
3276856996039 1010.029053
3276897000206 1010.028564
3276936999373 1010.034668
3276976999164 1010.031250
3277016999217 1010.030762
3277056996352 1010.020996
3277096997810 1010.011963
3277136997862 1010.005615
3277176997498 1010.000977
3277216998800 1010.001221
3277256996925 1010.002686
3277296997758 1010.007324
3277337000362 1010.010742
3277376998487 1010.015869
3277416997967 1010.015137
3277456995571 1010.019531
3277497000154 1010.023193
3277536998071 1010.018555
3277577000675 1010.024170
3277617001404 1010.019287
3277656996456 1010.021484
3277696997081 1010.014160
3277736998331 1010.014893
3277776998644 1010.014160
3277817000519 1010.010010
3277856999737 1010.007568
3277896996352 1010.010742
3277936999581 1010.012451
3277976998904 1010.026367
3278016999373 1010.027100
3278056997550 1010.023193
3278096995987 1010.026367
3278136999164 1010.023926
3278177000831 1010.015625
3278217000154 1010.008301
3278256999581 1010.007324
3278296995050 1010.000977
3278336997550 1009.990723
3278376999685 1009.991455
3278416999321 1010.000732
3278456998904 1009.997559
3278496996196 1009.995117
3278536997654 1009.999512
3278577001612 1010.005615
3278616998748 1010.004639
3278656999529 1010.010498
3278696995935 1010.018066
3278737002602 1010.025146
3278776999008 1010.021729
3278816998644 1010.022949
3278856999998 1010.020996
3278896995675 1010.011230
3278936996092 1010.014893
3278976999321 1010.005371
3279016998956 1010.013428
3279057000050 1010.009277
3279096999269 1010.009033
3279136996196 1010.009033
3279176998800 1009.999756
3279216998539 1010.003174
3279256999529 1009.998535
3279296997342 1009.995605
3279336996612 1009.987549
3279376999842 1009.985352
3279416998644 1009.987305
3279456998227 1009.991211
3279496999633 1009.993896
3279536996717 1009.994141
3279576998592 1009.994629
3279616999008 1009.993408
3279656997081 1009.994629
3279696997967 1009.997314
3279736995935 1010.002930
3279776998956 1009.994629
3279816999164 1009.992432
3279857000571 1009.989258
3279896997862 1009.997070
3279936997550 1009.990479
3279976998800 1009.992188
3280016999842 1009.992188
3280056999164 1009.989502
3280096997914 1009.985840
3280136999581 1009.989014
3280176997029 1009.983398
3280216997967 1009.979004
3280257000050 1009.976318
3280296998539 1009.972168
3280336997914 1009.975830
3280376996664 1009.972412
3280416997446 1009.968262
3280456998123 1009.971191
3280496997342 1009.964355
3280537000206 1009.964600
3280576996144 1009.958496
3280617001039 1009.967285
3280657001092 1009.964844
3280697000362 1009.965088
3280736997185 1009.969482
3280776995935 1009.974365
3280816997342 1009.978760
3280856997810 1009.977295
3280896998904 1009.977051
3280937001144 1009.969482
3280976998019 1009.971436
3281016997185 1009.967041
3281057001144 1009.967773
3281096999998 1009.969971
3281136997550 1009.970215
3281176996352 1009.970947
3281216996977 1009.970947
3281257000467 1009.976563
3281296998227 1009.978760
3281337000883 1009.981201
3281376998748 1009.973633
3281416996092 1009.973389
3281456997914 1009.971680
3281496997498 1009.974609
3281536999685 1009.973633
3281576998331 1009.975098
3281616996196 1009.965088
3281656998123 1009.960205
3281696999060 1009.961670
3281736999946 1009.961182
3281776998487 1009.957275
3281816995935 1009.961670
3281856999998 1009.967041
3281896998800 1009.968994
3281937000467 1009.970215
3281976997289 1009.974365
3282016995362 1009.974854
3282056998331 1009.977783
3282096999685 1009.971680
3282137001664 1009.962158
3282176999373 1009.960449
3282216995883 1009.968262
3282256996612 1009.971191
3282296999112 1009.975830
3282336998696 1009.975586
3282376999060 1009.981201
3282416999946 1009.976563
3282456996664 1009.979004
3282497001664 1009.983398
3282536998956 1009.977051
3282576998487 1009.978516
3282616997654 1009.973389
3282656996456 1009.970947
3282696998279 1009.969727
3282736999529 1009.971191
3282776999581 1009.974609
3282817000623 1009.975586
3282856996456 1009.973877
3282896999789 1009.964111
3282936999894 1009.973633
3282976998644 1009.972656
3283016999425 1009.968262
3283056996560 1009.969482
3283096999217 1009.974854
3283137000362 1009.972656
3283177000050 1009.976563
3283216999633 1009.978760
3283256995675 1009.980713
3283296996821 1009.974365
3283336999008 1009.977295
3283376999164 1009.976563
3283416997654 1009.977295
3283456997029 1009.982910
3283496995779 1009.985352
3283536997914 1009.992676
3283576998800 1009.986816
3283617000154 1009.988525
3283656999685 1009.982910
3283696996769 1009.983643
3283736995467 1009.977539
3283776993175 1009.988525
3283816993435 1009.985352
3283856993748 1009.988770
3283896992706 1009.992920
3283936994894 1009.994141
3283976994842 1009.982422
3284016994321 1009.978027
3284056999581 1009.977051
3284096996456 1009.982178
3284136999633 1009.982422
3284177000623 1009.980713
3284216998539 1009.978271
3284256998696 1009.985107
3284296995623 1009.978027
3284336999946 1009.982422
3284377001821 1009.988525
3284416999685 1009.992188
3284456997446 1009.991699
3284496996977 1009.993164
3284536997342 1009.983154
3284576999477 1009.969238
3284617000467 1009.969971
3284656998019 1009.974854
3284696999373 1009.975830
3284736995675 1009.977295
3284776999894 1009.984863
3284816998956 1009.993164
3284856998123 1009.992432
3284896998435 1010.009277
3284936995883 1010.005127
3284977000310 1009.999512
3285016998435 1009.998779
3285056999581 1010.000488
3285096997029 1009.996826
3285136997081 1009.992920
3285176998279 1009.979248
3285216998904 1009.979980
3285256999894 1009.979980
3285296998539 1009.983887
3285336996039 1009.987061
3285376997602 1009.985596
3285416996352 1009.994385
3285456998904 1009.992920
3285496997706 1009.985596
3285536996925 1009.995605
3285576997758 1009.991455
3285617001092 1009.981445
3285656999373 1009.973877
3285697000310 1009.976318
3285736996456 1009.981689
3285776996456 1009.984375
3285816999269 1009.989014
3285856999581 1009.979980
3285896997498 1009.988281
3285936999060 1009.987549
3285976995831 1009.983398
3286017000519 1009.982666
3286056999269 1009.979248
3286096999581 1009.971191
3286136997914 1009.975586
3286176996352 1009.972168
3286216999060 1009.973389
3286256998123 1009.973389
3286296998852 1009.973145
3286336999060 1009.978516
3286376996456 1009.982910
3286416996977 1009.974854
3286456999529 1009.974854
3286496999894 1009.980713
3286536998852 1009.975586
3286576995444 1009.975830
3286616998360 1009.966064
3286656998047 1009.965088
3286696998151 1009.968994
3286736998464 1009.972412
3286776995443 1009.980469
3286816998672 1009.982422
3286857001224 1009.974121
3286896998828 1009.983398
3286936999141 1009.980957
3286976996901 1009.981445
3287016996328 1009.979004
3287056999349 1009.970947
3287096997162 1009.967773
3287136996693 1009.963867
3287176998464 1009.961914
3287216995912 1009.961670
3287256996953 1009.965576
3287296997683 1009.968262
3287336998360 1009.967773
3287376998412 1009.958008
3287416995703 1009.955566
3287456997630 1009.957520
3287496997943 1009.961182
3287536996901 1009.955566
3287576996953 1009.961670
3287616996380 1009.959229
3287656997370 1009.966553
3287696998724 1009.961914
3287736999818 1009.967041
3287776998360 1009.972412
3287816996797 1009.976563
3287856997578 1009.973877
3287896997058 1009.975830
3287937000599 1009.967285
3287976998308 1009.965576
3288016996172 1009.967529
3288056996589 1009.965088
3288096998047 1009.970459
3288136997162 1009.967529
3288176998880 1009.966797
3288216999766 1009.969727
3288256997162 1009.970703
3288296998724 1009.980469
3288336999401 1009.970215
3288376998880 1009.975830
3288416998776 1009.978516
3288456995443 1009.982666
3288496998724 1009.985107
3288536998724 1009.978516
3288576998880 1009.974365
3288616998568 1009.980469
3288656996120 1009.982178
3288696996380 1009.981445
3288736998985 1009.981201
3288776997370 1009.989990
3288816999401 1009.984375
3288856994922 1009.982666
3288896997370 1009.987061
3288936999089 1009.974121
3288977000078 1009.977295
3289016996589 1009.976807
3289056995912 1009.971680
3289096997214 1009.974365
3289136997526 1009.977295
3289176997578 1009.965088
3289216998099 1009.968018
3289256999974 1009.975586
3289296995860 1009.978271
3289336997839 1009.976318
3289377001433 1009.979736
3289416998933 1009.980225
3289456998880 1009.969238
3289496995755 1009.970703
3289536999505 1009.972900
3289576999401 1009.963867
3289617000651 1009.970459
3289656997058 1009.973145
3289696995339 1009.968750
3289736997266 1009.965088
3289776999297 1009.970215
3289816998933 1009.976807
3289856999401 1009.975098
3289896995443 1009.968750
3289937000026 1009.969971
3289977000078 1009.969482
3290016999610 1009.970703
3290056999297 1009.971680
3290096997526 1009.968994
3290136996328 1009.966309
3290176999922 1009.968018
3290217000651 1009.963867
3290256997787 1009.968262
3290296998099 1009.969238
3290336995651 1009.975098
3290376999610 1009.979980
3290416997422 1009.983643
3290456997214 1009.982910
3290496999558 1009.978760
3290536996433 1009.973633
3290576997630 1009.967773
3290616998308 1009.969727
3290656998568 1009.957031
3290696998568 1009.959961
3290736995755 1009.953369
3290776999662 1009.958740
3290816998620 1009.959961
3290856999870 1009.964600
3290896999193 1009.969238
3290936995547 1009.966553
3290976998047 1009.973877
3291017000495 1009.970947
3291057001901 1009.970215
3291096999089 1009.973633
3291136995391 1009.977295
3291176998099 1009.974121
3291217000703 1009.967285
3291256999141 1009.964600
3291296998308 1009.963135
3291336994974 1009.962891
3291376996797 1009.962402
3291417000183 1009.968506
3291456996953 1009.966797
3291497000860 1009.966064
3291536998516 1009.967041
3291576996068 1009.967041
3291617000183 1009.964844
3291656997110 1009.959961
3291696997839 1009.958740
3291736999349 1009.955566
3291776996068 1009.955322
3291817000808 1009.950195
3291856997683 1009.953125
3291896998828 1009.962158
3291937000703 1009.960938
3291976996380 1009.955078
3292016996849 1009.957031
3292056933047 1009.965332
3292096999141 1009.964600
3292136997995 1009.965088
3292176996797 1009.959473
3292217005078 1009.963379
3292256997578 1009.964111
3292296998776 1009.966309
3292336998412 1009.965820
3292376996589 1009.961426
3292416996589 1009.966064
3292456999349 1009.967773
3292496999349 1009.973633
3292536999766 1009.975098
3292576998828 1009.965332
3292616995443 1009.968750
3292656998464 1009.968262
3292696997630 1009.970459
3292736998620 1009.963379
3292777001693 1009.954834
3292816995808 1009.952881
3292857000651 1009.951660
3292896996485 1009.958252
3292936998985 1009.961182
3292976997318 1009.953125
3293016996849 1009.958496
3293056997318 1009.964844
3293096999349 1009.961670
3293136999610 1009.959229
3293176999714 1009.959717
3293216995078 1009.960693
3293257003672 1009.957764
3293296999453 1009.961426
3293336998620 1009.954102
3293376998620 1009.958252
3293416995703 1009.959717
3293456996224 1009.957275
3293496999193 1009.956055
3293536998464 1009.957520
3293576998047 1009.957275
3293616998203 1009.961426
3293656996901 1009.960693
3293696998776 1009.964355
3293737000026 1009.965332
3293776998464 1009.963135
3293816999401 1009.962402
3293856995235 1009.964355
3293896996953 1009.961670
3293936998620 1009.951904
3293976998880 1009.953613
3294016999505 1009.959717
3294056994974 1009.971924
3294096997787 1009.962402
3294136999870 1009.963867
3294176999401 1009.957520
3294216999037 1009.964355
3294256996068 1009.964111
3294296997422 1009.953125
3294336999818 1009.959229
3294377000808 1009.961426
3294416997474 1009.963867
3294456996120 1009.965332
3294496998620 1009.969482
3294536999662 1009.975098
3294576999505 1009.965332
3294617000078 1009.964844
3294656997058 1009.960938
3294696995599 1009.958252
3294736998828 1009.958496
3294776999297 1009.957520
3294817002266 1009.958984
3294856999037 1009.960205
3294896995026 1009.969971
3294936999558 1009.971680
3294976997318 1009.975830
3295017000651 1009.975586
3295056998047 1009.977051
3295096995183 1009.975098
3295136999037 1009.973633
3295176997005 1009.980713
3295217000964 1009.981934
3295256997787 1009.988037
3295296995912 1009.981689
3295336998047 1009.975586
3295377004558 1009.977051
3295416999141 1009.983398
3295456998776 1009.976807
3295496996641 1009.976318
3295536997526 1009.964355
3295576997735 1009.962891
3295616996745 1009.960693
3295656998776 1009.964355
3295696996120 1009.969727
3295736995547 1009.972168
3295776998464 1009.973877
3295816998620 1009.971436
3295856997943 1009.970947
3295896998985 1009.980713
3295936995964 1009.976074
3295976998568 1009.973633
3296016999245 1009.968750
3296056997578 1009.972900
3296096998516 1009.966309
3296136996172 1009.963135
3296177000130 1009.964111
3296216998568 1009.964844
3296256999714 1009.960205
3296296998933 1009.963379
3296336995495 1009.965576
3296376998464 1009.963867
3296416999245 1009.958008
3296456998724 1009.959229
3296496997683 1009.956299
3296536995495 1009.960205
3296577001380 1009.959229
3296617000755 1009.957275
3296656997943 1009.956543
3296696998776 1009.952393
3296736995860 1009.949219
3296776994974 1009.965332
3296816997318 1009.975586
3296856998203 1009.969971
3296896998464 1009.971924
3296936999297 1009.968506
3296976995860 1009.966064
3297016998308 1009.969727
3297056999766 1009.975098
3297096999453 1009.967285
3297136998776 1009.963135
3297176995755 1009.957520
3297216998255 1009.963623
3297256998620 1009.966309
3297296998047 1009.972168
3297336998828 1009.974121
3297376996328 1009.973389
3297416997683 1009.964844
3297457000391 1009.958984
3297496998724 1009.958984
3297536998933 1009.951172
3297576995599 1009.954346
3297617002787 1009.955078
3297657001016 1009.952637
3297696999349 1009.953369
3297736998099 1009.949463
3297776996641 1009.954346
3297816994610 1009.951904
3297856997787 1009.957031
3297896998464 1009.957520
3297936998308 1009.957031
3297976999505 1009.958740
3298016996016 1009.961182
3298056997839 1009.964111
3298096999870 1009.962158
3298136998047 1009.956543
3298176998672 1009.963135
3298216995235 1009.968750
3298256999245 1009.960449
3298296999349 1009.961914
3298336997839 1009.954834
3298376998880 1009.949951
3298416996172 1009.955566
3298456997370 1009.954590
3298496998516 1009.949463
3298536998464 1009.953857
3298577000755 1009.956055
3298616995235 1009.952148
3298656999037 1009.959473
3298696999037 1009.956543
3298736999037 1009.955811
3298776999714 1009.960693
3298816996485 1009.959961
3298856995860 1009.959961
3298896997370 1009.964355
3298936998151 1009.962158
3298976999193 1009.964600
3299016998933 1009.961670
3299056996120 1009.963867
3299097000651 1009.955811
3299136998933 1009.956299
3299176998464 1009.961670
3299216998203 1009.966064
3299256995860 1009.962891
3299296997370 1009.949219
3299336998308 1009.947510
3299376999922 1009.941162
3299417001016 1009.946777
3299456995860 1009.953369
3299496998308 1009.956055
3299536998099 1009.960938
3299576999089 1009.962402
3299617000651 1009.968018
3299656995755 1009.964355
3299697000495 1009.959961
3299736999141 1009.958740
3299776999662 1009.962891
3299816999505 1009.956543
3299856995808 1009.957031
3299896996901 1009.952881
3299936997683 1009.957275
3299976999297 1009.961914
3300016996433 1009.966064
3300056997839 1009.968750
3300096996016 1009.977295
3300136998620 1009.981934
3300177000339 1009.978027
3300216999662 1009.989990
3300256999037 1009.981934
3300296996380 1009.969727
3300337000391 1009.976563
3300376997995 1009.973633
3300416998255 1009.962646
3300456998672 1009.957275
3300496995860 1009.965576
3300536997058 1009.970947
3300577001537 1009.970703
3300616998724 1009.966309
3300656999505 1009.970947
3300696995808 1009.973145
3300736998151 1009.980225
3300777000599 1009.985596
3300816998360 1009.978516
3300856999193 1009.974854
3300896995495 1009.970459
3300936998776 1009.974609
3300977000339 1009.974121
3301016999610 1009.981934
3301056997787 1009.981689
3301096999245 1009.982910
3301136995755 1009.970947
3301176998412 1009.971924
3301216998933 1009.972656
3301256998412 1009.973389
3301296998672 1009.979736
3301336995860 1009.979980
3301376998412 1009.976318
3301416997578 1009.975098
3301457000651 1009.972656
3301496999922 1009.973145
3301536996224 1009.982422
3301576998672 1009.982910
3301616997891 1009.984619
3301656999974 1009.988281
3301696998620 1009.985840
3301736995599 1009.984619
3301776998255 1009.988281
3301816999714 1009.992188
3301856999141 1009.989990
3301896998672 1009.988037
3301936996120 1009.986572
3301976996641 1009.985596
3302016997683 1009.987061
3302056998776 1009.987549
3302096997318 1009.988281
3302136997578 1009.995605
3302176996797 1009.993164
3302216998047 1009.985107
3302256997787 1009.979492
3302296997839 1009.978027
3302336998828 1009.988037
3302376995651 1009.978271
3302416997891 1009.980957
3302456997526 1009.977783
3302496997526 1009.980225
3302536997943 1009.976563
3302576996068 1009.976563
3302616998672 1009.978271
3302657000495 1009.978027
3302696997683 1009.972412
3302737000235 1009.966309
3302776996901 1009.960205
3302816997266 1009.966553
3302856999922 1009.968018
3302896999714 1009.973145
3302936997578 1009.970459
3302976996641 1009.964844
3303016996849 1009.959473
3303056998151 1009.965088
3303096998620 1009.965088
3303136998151 1009.969238
3303176997526 1009.971191
3303216995860 1009.970703
3303256999245 1009.974854
3303296998933 1009.977539
3303336999870 1009.971924
3303376999558 1009.976318
3303416996745 1009.983154
3303456999766 1009.984375
3303496998360 1009.987793
3303536999297 1009.991943
3303576998464 1009.989014
3303616996380 1009.990479
3303656997891 1009.982422
3303696998151 1009.981934
3303736999610 1009.982178
3303776997891 1009.978027
3303816995860 1009.982666
3303856998255 1009.981201
3303897002005 1009.983887
3303937000547 1009.982666
3303976997995 1009.972656
3304016996068 1009.968018
3304056996328 1009.968018
3304096999558 1009.975586
3304137000964 1009.977295
3304176997995 1009.983154
3304216995547 1009.977783
3304256995703 1009.974609
3304296999349 1009.974121
3304336999662 1009.965576
3304376999245 1009.970947
3304416998464 1009.958496
3304456995547 1009.954834
3304496998255 1009.958740
3304536996485 1009.960205
3304576999349 1009.957031
3304616997839 1009.966064
3304656995339 1009.970459
3304697000964 1009.974121
3304736999558 1009.975830
3304777000547 1009.968750
3304816999141 1009.965576
3304856996172 1009.958008
3304896997005 1009.961670
3304936944610 1009.959473
3304976997370 1009.956299
3305016999870 1009.959473
3305056996745 1009.955811
3305096999349 1009.958496
3305136997214 1009.954346
3305176999610 1009.967529
3305216998828 1009.974365
3305256996328 1009.975342
3305296999922 1009.969482
3305336998933 1009.964111
3305376998985 1009.959717
3305416999505 1009.949951
3305456998047 1009.957520
3305496995964 1009.956787
3305536999089 1009.956299
3305576998620 1009.952881
3305616999401 1009.964355
3305657000183 1009.963867
3305696995391 1009.956787
3305736998828 1009.952881
3305777000183 1009.954834
3305817001901 1009.961670
3305856997266 1009.967041
3305896996485 1009.965820
3305936999297 1009.965088
3305977001433 1009.964600
3306016998099 1009.969727
3306056999401 1009.965820
3306096995755 1009.965332
3306136997110 1009.962646
3306176997839 1009.961426
3306217001224 1009.961182
3306256998776 1009.961670
3306296995599 1009.965332
3306336995755 1009.959717
3306376999453 1009.966309
3306416999714 1009.972900
3306456999297 1009.973145
3306496999297 1009.974609
3306536996328 1009.970703
3306576996953 1009.965088
3306617000860 1009.960693
3306656998985 1009.968262
3306696997943 1009.962402
3306736997526 1009.963379
3306776999662 1009.957275
3306816999558 1009.959473
3306856997110 1009.961670
3306896999922 1009.973633
3306936995964 1009.967285
3306976998151 1009.972656
3307017001276 1009.976074
3307057001172 1009.982422
3307096998099 1009.978271
3307136996068 1009.966064
3307176996745 1009.961670
3307216998047 1009.965576
3307256999245 1009.965820
3307296998985 1009.969971
3307336999141 1009.963867
3307376996172 1009.969482
3307416999401 1009.963379
3307456997162 1009.971680
3307497000026 1009.973389
3307537000547 1009.984375
3307576995443 1009.977051
3307616998255 1009.974365
3307656998985 1009.972900
3307697000287 1009.973633
3307736997683 1009.977539
3307776995339 1009.972900
3307816998047 1009.981689
3307856998620 1009.987305
3307896998568 1009.987793
3307936999610 1009.993896
3307976995287 1009.998535
3308016998255 1009.999512
3308057001849 1010.005371
3308097001589 1010.003418
3308136997943 1009.996094
3308176995912 1009.997559
3308216997891 1009.995117
3308256998933 1009.991455
3308296998672 1009.989014
3308336998412 1009.973145
3308376999610 1009.977051
3308416996224 1009.971680
3308456998880 1009.970947
3308496998880 1009.970947
3308536998308 1009.982666
3308576998724 1009.980469
3308616995912 1009.980469
3308656998880 1009.985596
3308696999089 1009.990234
3308736998828 1009.999756
3308776998724 1010.009766
3308816996016 1010.005615
3308856996276 1010.003174
3308897000755 1010.004395
3308936998099 1010.013184
3308976999297 1010.020020
3309016997370 1010.014893
3309056996901 1010.009277
3309096999037 1010.012451
3309136999141 1010.000000
3309176997058 1010.008301
3309216995964 1010.009033
3309256995964 1010.011475
3309296998672 1010.011963
3309336999349 1010.016602
3309376998620 1010.013672
3309416999818 1010.017090
3309456995860 1010.016357
3309496999453 1010.010742
3309536997578 1009.994385
3309576996693 1009.995605
3309616997214 1009.995361
3309656995235 1009.986572
3309696999297 1009.987793
3309736997891 1009.995605
3309777001537 1010.006592
3309816998880 1010.009521
3309856995651 1010.010742
3309896997422 1010.011230
3309936999401 1010.013184
3309976997735 1010.010986
3310017000339 1010.005859
3310056995183 1010.010254
3310096999505 1010.013184
3310136999037 1010.006104
3310177000183 1010.011963
3310216998776 1010.006836
3310256997370 1010.006348
3310296996016 1010.010498
3310336999766 1010.009277
3310376998203 1010.002197
3310416998255 1010.006104
3310456999558 1010.003662
3310496995860 1010.001709
3310536998828 1009.993164
3310576998620 1009.985840
3310616997474 1009.986084
3310656998047 1009.991211
3310696996276 1009.990234
3310737004662 1009.995605
3310776997943 1010.000732
3310816999297 1009.999023
3310856998360 1010.003906
3310896995860 1010.010742
3310936997162 1010.008301
3310976998099 1010.009766
3311017000287 1010.011230
3311056998308 1010.020508
3311096995808 1010.024414
3311136998412 1010.019531
3311177000703 1010.024902
3311216997578 1010.017822
3311256998516 1010.017334
3311296997943 1010.017090
3311336996797 1010.021729
3311376998828 1010.018066
3311417000391 1010.019531
3311456998047 1010.013428
3311496997891 1010.016846
3311536995964 1010.015625
3311576998880 1010.007324
3311616998672 1010.008057
3311656998360 1010.005371
3311696999349 1009.998779
3311736995912 1009.986084
3311776998568 1009.985352
3311816998203 1009.985840
3311856999818 1009.984619
3311896998568 1009.991699
3311936995183 1010.007813
3311976997891 1010.005859
3312016998985 1010.016113
3312057000287 1010.011963
3312096998985 1010.008301
3312136995703 1010.010498
3312176997995 1010.006836
3312216999714 1010.011719
3312256999453 1010.015137
3312296997526 1010.012695
3312336996589 1010.009277
3312376997058 1010.008545
3312417000287 1010.008057
3312456999089 1010.005371
3312496997735 1010.007080
3312536998828 1010.008057
3312576995547 1010.012451
3312616998828 1010.012939
3312656997058 1010.012207
3312696998151 1010.000977
3312736997787 1010.011475
3312776995391 1010.002930
3312817000235 1010.005615
3312856998620 1009.998535
3312896998933 1009.994873
3312936998308 1009.987305
3312976995912 1009.992432
3313016997266 1010.000000
3313057003516 1009.996094
3313096998308 1010.006348
3313136998933 1010.010498
3313176997162 1010.005615
3313216997162 1010.010742
3313256998985 1010.008789
3313296999453 1010.008301
3313336997787 1010.010254
3313376995912 1009.998535
3313416995183 1009.997314
3313456997630 1010.006836
3313497001276 1010.004883
3313536997943 1010.010498
3313576997630 1010.011963
3313616995755 1010.011475
3313656997370 1010.016357
3313696999610 1010.021240
3313736998985 1010.021484
3313776998672 1010.009521
3313816996224 1009.996826
3313856997995 1009.987549
3313896997266 1009.984375
3313936997578 1009.984375
3313976998047 1009.982178
3314016995808 1009.992188
3314056997787 1009.997559
3314096998724 1010.003662
3314137000078 1010.007813
3314176998828 1010.020752
3314216996328 1010.019531
3314256997578 1010.015869
3314296999089 1010.025635
3314337000026 1010.023193
3314377000026 1010.028564
3314416998099 1010.024902
3314456995964 1010.023682
3314497002735 1010.022949
3314536997058 1010.020264
3314576997318 1010.015381
3314616997683 1010.012451
3314656995443 1010.012207
3314697000599 1010.001953
3314737000651 1010.002686
3314776998151 1009.996582
3314817000495 1010.000732
3314856996224 1009.996582
3314896998516 1009.995117
3314936999297 1009.993652
3314977001224 1009.990234
3315016999297 1009.995117
3315056997005 1010.003174
3315096997943 1010.007080
3315136999453 1010.007080
3315176998672 1010.013184
3315216997787 1010.023926
3315256995391 1010.020020
3315296996901 1010.019775
3315336998516 1010.020264
3315376998620 1010.015381
3315416997787 1010.015869
3315456997578 1010.014160
3315496995235 1010.012207
3315536999818 1010.014893
3315576997839 1010.014160
3315616998464 1010.011719
3315657001849 1010.013428
3315696996328 1010.010498
3315736998568 1010.020020
3315776998828 1010.018311
3315816997787 1010.016113
3315856999089 1010.008057
3315896995495 1010.007080
3315936996901 1010.005371
3315976997318 1010.003906
3316016998828 1009.989014
3316056997110 1009.981445
3316096996537 1009.979248
3316136999558 1009.978271
3316177000339 1009.987305
3316217000026 1009.988037
3316256998203 1009.985596
3316296995964 1009.998291
3316336997110 1010.006348
3316376998933 1010.006348
3316416999037 1010.008545
3316456999089 1010.011719
3316496997995 1010.019287
3316536997058 1010.014648
3316576999662 1010.009521
3316616998568 1010.011230
3316656999245 1010.013184
3316697001485 1010.013672
3316736996068 1010.022217
3316776997266 1010.018311
3316816998203 1010.011475
3316856998464 1010.014404
3316896999922 1010.008789
3316936995808 1010.007324
3316976998516 1010.004883
3317016999349 1010.007568
3317056997422 1010.001221
3317096999818 1010.003418
3317136996016 1009.999756
3317176996172 1009.997559
3317216999037 1009.990479
3317256999714 1009.986084
3317297000183 1009.978271
3317336995443 1009.981445
3317376995703 1010.000488
3317416998516 1010.004883
3317456998360 1010.014893
3317496998933 1010.004883
3317537000755 1010.010254
3317576995599 1010.005615
3317617000130 1010.003174
3317656998568 1010.013672
3317696998412 1010.016602
3317736998099 1010.013184
3317776995287 1010.010986
3317817000651 1010.012451
3317856999141 1010.019775
3317896998412 1010.024170
3317936999141 1010.022949
3317976995860 1010.025146
3318016998985 1010.028564
3318057000860 1010.023438
3318096997683 1010.009521
3318136997058 1010.006348
3318176996172 1010.008057
3318216999818 1009.995361
3318256998151 1009.989258
3318296998255 1009.990967
3318336998151 1009.996826
3318376996745 1010.004883
3318416995183 1009.999023
3318457000651 1010.001709
3318496999662 1010.003174
3318537000078 1010.003174
3318576998933 1009.997559
3318616996120 1009.996338
3318656997943 1009.999023
3318696998047 1009.996094
3318736998255 1009.991455
3318776999193 1009.990723
3318816995287 1009.981201
3318856998516 1009.976074
3318896999037 1009.972656
3318936999349 1009.972900
3318976999714 1009.969238
3319016996380 1009.966064
3319056997005 1009.966064
3319096999037 1009.960205
3319136998672 1009.965088
3319176997370 1009.959473
3319216995287 1009.961182
3319256996172 1009.960449
3319296999453 1009.957275
3319336998412 1009.966797
3319376999193 1009.966797
3319416999662 1009.963135
3319456996224 1009.966553
3319496997943 1009.968262
3319536997839 1009.969238
3319576996849 1009.964600
3319616999505 1009.961670
3319656995287 1009.953857
3319696997735 1009.953613
3319736997735 1009.957764
3319776999662 1009.950195
3319816999193 1009.954346
3319856996797 1009.946777
3319896997058 1009.944336
3319936999297 1009.937256
3319976999714 1009.931396
3320016998620 1009.942383
3320056996016 1009.951904
3320096997110 1009.951172
3320136998985 1009.946777
3320177000703 1009.946533
3320216997787 1009.953369
3320256996172 1009.953613
3320296998308 1009.947998
3320336998516 1009.952148
3320376998828 1009.955811
3320417000495 1009.959473
3320456999558 1009.955811
3320496995547 1009.952637
3320536999089 1009.962646
3320576997891 1009.966064
3320616999349 1009.969238
3320656996641 1009.966797
3320696995755 1009.962646
3320736998151 1009.963867
3320777001693 1009.958496
3320816998776 1009.958740
3320856998464 1009.946289
3320896996901 1009.955566
3320936998620 1009.962891
3320977002422 1009.970459
3321016999662 1009.963135
3321056997214 1009.963135
3321096996068 1009.963135
3321136999558 1009.967773
3321176998308 1009.964355
3321216998985 1009.961182
3321256998464 1009.968506
3321296995912 1009.968262
3321336998047 1009.967529
3321376998516 1009.968506
3321416998568 1009.968750
3321457001849 1009.967285
3321496997630 1009.960693
3321536996172 1009.961182
3321576998933 1009.959961
3321617000391 1009.959717
3321656997005 1009.961426
3321696999037 1009.962402
3321736995860 1009.964600
3321776998828 1009.964844
3321816997683 1009.964355
3321856997839 1009.966064
3321896997058 1009.967773
3321936995755 1009.972900
3321976998568 1009.964355
3322016998099 1009.970215
3322056998880 1009.976318
3322096997891 1009.972412
3322136995964 1009.969238
3322176997266 1009.975830
3322216999089 1009.975586
3322256999662 1009.975586
3322296998620 1009.968750
3322336995443 1009.966309
3322376997058 1009.961670
3322416996901 1009.964111
3322456996745 1009.967529
3322496999505 1009.970703
3322536997005 1009.973389
3322576997005 1009.975342
3322616997422 1009.970947
3322657001745 1009.973633
3322696998828 1009.979492
3322736997526 1009.974854
3322776995808 1009.973877
3322816997995 1009.971680
3322857002266 1009.967285
3322897000964 1009.974854
3322937000547 1009.971436
3322976995755 1009.973145
3323016996641 1009.970703
3323056999662 1009.975098
3323096999141 1009.972168
3323136998620 1009.963379
3323176996224 1009.973633
3323217006068 1009.982422
3323256998412 1009.987061
3323296997839 1009.981934
3323336998203 1009.975586
3323376996276 1009.970703
3323416995860 1009.958984
3323457000339 1009.959961
3323497000026 1009.969482
3323536999037 1009.973633
3323576996953 1009.979980
3323616995547 1009.974609
3323656998776 1009.980225
3323697000078 1009.983398
3323736996953 1009.987549
3323777000235 1009.989990
3323816996641 1009.993408
3323857000495 1009.996826
3323896999662 1009.990723
3323937000235 1009.983398
3323976998828 1009.975830
3324016995964 1009.980225
3324056995912 1009.970703
3324097001380 1009.967773
3324136997943 1009.969238
3324176999401 1009.975098
3324216995755 1009.978271
3324256998933 1009.983643
3324296999193 1009.993896
3324336999453 1009.991211
3324377000391 1009.987549
3324416995860 1009.993896
3324456996537 1009.990723
3324496999089 1009.983887
3324536998516 1009.988037
3324576998516 1009.991211
3324616998620 1009.981445
3324656994766 1009.983154
3324696999453 1009.986328
3324737000235 1009.989258
3324776997162 1009.982422
3324817002005 1009.988281
3324856996589 1009.985352
3324896997266 1009.978516
3324936998099 1009.973145
3324976999610 1009.970215
3325016996745 1009.973633
3325056996120 1009.964844
3325096997370 1009.954590
3325137000026 1009.948486
3325177001433 1009.949951
3325216998412 1009.955078
3325256998308 1009.957520
3325296997578 1009.958008
3325336998151 1009.957764
3325376996797 1009.963623
3325416998464 1009.967041
3325457000130 1009.966309
3325496995130 1009.971924
3325537000912 1009.962402
3325576999922 1009.962402
3325617000443 1009.965576
3325656999818 1009.975342
3325696995183 1009.972412
3325736999401 1009.967285
3325776996797 1009.974121
3325816998412 1009.972168
3325857000443 1009.972900
3325896995391 1009.980469
3325936996589 1009.981445
3325976997839 1009.980713
3326016998880 1009.974121
3326056998255 1009.972900
3326096995651 1009.968262
3326136998933 1009.958740
3326176998203 1009.963867
3326217000130 1009.958252
3326256999297 1009.958008
3326296995443 1009.961670
3326336997162 1009.970459
3326377000599 1009.977051
3326416998099 1009.980713
3326456999089 1009.980225
3326496997214 1009.979736
3326536995287 1009.984131
3326576998047 1009.975098
3326616999089 1009.972900
3326656998620 1009.979248
3326696999089 1009.974854
3326736996589 1009.975098
3326777000078 1009.972168
3326816998203 1009.969482
3326856998828 1009.982178
3326896999662 1010.020508
3326936995808 1010.056152
3326976998308 1010.064453
3327017000860 1010.073975
3327056999193 1010.067871
3327097000651 1010.041260
3327136995703 1010.030029
3327177005703 1010.017822
3327217001016 1010.011475
3327256998360 1010.007324
3327296998828 1009.994629
3327336996328 1009.969482
3327376996433 1009.955078
3327416998985 1009.910156
3327456999401 1009.915527
3327496998464 1009.936523
3327536997943 1009.923828
3327576995755 1009.915527
3327617000287 1009.913330
3327657000755 1009.920166
3327697000026 1009.935303
3327736997891 1009.933350
3327776996224 1009.942139
3327816997370 1009.938721
3327856998776 1009.944824
3327896999974 1009.951416
3327936997058 1009.944824
3327976995964 1009.943848
3328017000339 1009.942871
3328057002630 1009.941650
3328096998203 1009.943115
3328136997943 1009.946533
3328176997422 1009.943115
3328216998620 1009.945068
3328257000964 1009.954834
3328296997526 1009.953125
3328336999401 1009.956055
3328376998828 1009.962891
3328416997162 1009.967773
3328456999870 1009.963623
3328497000391 1009.966797
3328536999141 1009.963379
3328576998620 1009.960693
3328616996172 1009.963623
3328656997266 1009.960938
3328696998933 1009.975586
3328736997787 1009.983398
3328776998568 1010.001221
3328816995964 1010.003418
3328856998672 1009.987549
