# Created at Wed May 29 11:40:45 GMT+09:00 2024
3234200161925 1.000000
3234759304060 2.000000
3235742604842 4.000000
3236918739633 6.000000
3242124582914 12.000000
3242857772081 13.000000
3243281463487 14.000000
3244052701717 15.000000
3244419045102 16.000000
3245228839217 17.000000
3245557142914 18.000000
3246366922394 19.000000
3246713522446 20.000000
3247773947342 22.000000
3248911568592 24.000000
3249991303019 26.000000
3251071028904 28.000000
3252150802185 30.000000
3253249803696 32.000000
3254348828123 34.000000
3255447876612 36.000000
3256267806248 38.000000
3257665181404 40.000000
3258822079842 42.000000
3259882543696 44.000000
3260923701873 46.000000
3262022728331 48.000000
3263160327498 50.000000
3264240059894 52.000000
3265300536508 54.000000
3266341735831 56.000000
3267421453123 58.000000
3268501186560 60.000000
3269580936144 62.000000
3270583577914 64.000000
3271586882081 66.000000
3272667226821 68.000000
3273707673800 70.000000
3274777817133 72.000000
3275808759581 74.000000
3276869225258 76.000000
3277929687967 78.000000
3279009422758 79.000000
3280667629581 80.000000
3281130371560 81.000000
3281670241300 82.000000
3282171577810 83.000000
3282672861769 84.000000
3283154864269 85.000000
3283656909060 86.000000
3284138235414 87.000000
3284678087654 88.000000
3285121596508 89.000000
3285622894842 90.000000
3286086917967 91.000000
3286606916797 92.000000
3287088273880 93.000000
3287628153880 94.000000
3288090878776 95.000000
3288650045078 96.000000
3289151378151 97.000000
3289691267683 98.000000
3290192554245 99.000000
3290732454505 100.000000
3291214463047 101.000000
3291773607683 102.000000
3292274919089 103.000000
3292891957943 104.000000
3293354676849 105.000000
3293933132422 106.000000
3294453722214 107.000000
3295032169141 108.000000
3295494913880 109.000000
3296092653620 110.000000
3296651857943 111.000000
3297191740755 112.000000
3297770133672 113.000000
3298329298985 114.000000
3298888481641 115.000000
3299428334505 116.000000
3299987605755 117.000000
3300567228255 118.000000
3301009421068 119.000000
3301510773620 120.000000
3302474821276 122.000000
3302918381485 123.000000
3303400327214 124.000000
3304557821589 125.000000
3305039249974 126.000000
3305714105183 127.000000
3306678183724 128.000000
3307198816797 129.000000
3307738688464 130.000000
3308972717266 132.000000
3310129615495 134.000000
3311074410599 136.000000
3311421519349 137.000000
3312192745964 138.000000
3313542492578 140.000000
3314622262943 142.000000
3315682743308 144.000000
3316511871485 145.000000
3317823022839 147.000000
3319077082526 149.000000
3319635495651 150.000000
3325267077630 156.000000
3325824929193 157.000000
3326326897578 158.000000
3326885439401 159.000000
3327425322214 160.000000
3327917649870 161.000000
